version https://git-lfs.github.com/spec/v1
oid sha256:8bc49a7260bc67e122a0ca578fa3bad17ef7a10b1948ae2b35608f1803af94c2
size 109
